1311867172.495267 0.0000000 0.0000000 0.0000000 0.0000000 0.0000000 0.0000000 1.0000000
1311867180.194909 -0.3290280 0.0416803 -0.0396881 -0.0143217 -0.0503997 -0.0326212 0.9980935
1311867181.630984 -0.2845866 0.0419735 -0.0405978 -0.0191171 -0.0505448 -0.0367021 0.9978641
1311867182.262912 -0.2570629 0.0356718 -0.0406987 -0.0137477 -0.0532836 -0.0290677 0.9980616
1311867182.998350 -0.2237997 0.0256438 -0.0454501 -0.0072537 -0.0403338 -0.0324790 0.9986319
1311867183.664879 -0.1961230 0.0207743 -0.0432092 -0.0088606 -0.0394715 -0.0397908 0.9983888
1311867197.732004 0.2796489 -0.0368118 -0.0003240 -0.0441077 -0.0154336 -0.0358052 0.9982656
1311867211.736761 -0.0060148 -0.2537805 -0.0544131 0.0423565 -0.0372291 -0.0567350 0.9967954
1311867212.837870 0.0023456 -0.2240358 -0.0699020 0.0564275 -0.0361548 -0.0470870 0.9966401
1311867213.201431 0.0064308 -0.2144572 -0.0758630 0.0636268 -0.0360275 -0.0409755 0.9964811
1311867224.937570 0.0459774 0.1491971 -0.0793322 -0.0256247 -0.0050571 -0.0351698 0.9990400
1311867225.305777 0.0437907 0.1638218 -0.0753736 -0.0247566 -0.0007922 -0.0299103 0.9992456
1311867225.737747 0.0366508 0.1745356 -0.0796847 -0.0022843 -0.0007186 -0.0371748 0.9993059
1311867228.537902 0.0268660 0.2543269 -0.0899725 -0.0110570 -0.0078912 -0.0285546 0.9994999
1311867229.173882 0.0236020 0.2343063 -0.0977347 0.0004572 -0.0091478 -0.0268942 0.9995963
1311867229.805829 0.0229724 0.2073278 -0.1044299 0.0115296 -0.0163326 -0.0239581 0.9995130
1311867243.412082 0.0009585 0.0065483 0.2295744 -0.0210412 -0.0155319 -0.0289940 0.9992374
1311867247.010909 0.0006922 0.0075888 0.3758022 -0.0641620 0.0091832 -0.0325606 0.9973659
1311867247.444093 -0.0018230 0.0037112 0.3737198 -0.0618723 0.0046136 -0.0316464 0.9975716
1311867249.011260 0.0147816 -0.0001949 0.2878843 -0.0421397 0.0010982 -0.0323707 0.9985866
1311867250.411649 0.0336505 0.0104759 0.2029146 -0.0340240 -0.0017469 -0.0321457 0.9989024
1311867250.943372 0.0374148 0.0121870 0.1761335 -0.0279471 -0.0011412 -0.0305313 0.9991423
1311867264.580092 0.0765006 0.0552154 -0.6803825 0.0913779 -0.0201835 -0.0443747 0.9946223
1311867264.812115 0.0793251 0.0581450 -0.6912274 0.0946946 -0.0277650 -0.0490444 0.9939098
1311867265.980599 0.0823679 0.0664120 -0.7303466 0.1068645 -0.0152192 -0.0296892 0.9937137
1311867267.248213 0.0757560 0.0666947 -0.7418186 0.1112917 -0.0163854 -0.0353246 0.9930246
1311867269.748333 0.0347959 0.0320603 -0.6079585 0.0591634 0.0044065 -0.0334538 0.9976779
1311867270.348361 0.0336000 0.0234910 -0.5754376 0.0452830 0.0111781 -0.0351921 0.9982916
1311867271.248477 0.0432565 0.0024544 -0.5297394 0.0333300 0.0113873 -0.0360662 0.9987285
1311867273.716707 0.0834385 -0.0475895 -0.3537077 0.0162982 -0.0125378 -0.0348789 0.9991800
1311867277.580920 0.0175941 -0.1008305 -0.0673498 -0.0114059 0.0036289 -0.0313876 0.9994356
1311867281.885079 0.0633470 -0.1057023 0.2009558 -0.0670834 -0.0043141 -0.0296594 0.9972971
1311867292.425930 0.0712873 -0.1064899 0.2594877 -0.0633640 -0.0249052 -0.0371835 0.9969865
1311867292.688015 0.0703363 -0.1068221 0.2606849 -0.0637384 -0.0250904 -0.0372891 0.9969541
